
obj/kern/kernel:     file format elf32-i386

Contents of .stab section:

Symnum n_type n_othr n_desc n_value  n_strx String

-1     HdrSym 0      1320   000019a2 1     
0      SO     0      0      f0100000 1      {standard input}
1      SOL    0      0      f010000c 18     kern/entry.S
2      SLINE  0      44     f010000c 0      
3      SLINE  0      57     f0100015 0      
4      SLINE  0      58     f010001a 0      
5      SLINE  0      60     f010001d 0      
6      SLINE  0      61     f0100020 0      
7      SLINE  0      62     f0100025 0      
8      SLINE  0      67     f0100028 0      
9      SLINE  0      68     f010002d 0      
10     SLINE  0      74     f010002f 0      
11     SLINE  0      77     f0100034 0      
12     SLINE  0      80     f0100039 0      
13     SLINE  0      83     f010003e 0      
14     SO     0      2      f0100040 31     kern/entrypgdir.c
15     OPT    0      0      00000000 49     gcc2_compiled.
16     LSYM   0      0      00000000 64     int:t(0,1)=r(0,1);-2147483648;2147483647;
17     LSYM   0      0      00000000 106    char:t(0,2)=r(0,2);0;127;
18     LSYM   0      0      00000000 132    long int:t(0,3)=r(0,3);-2147483648;2147483647;
19     LSYM   0      0      00000000 179    unsigned int:t(0,4)=r(0,4);0;4294967295;
20     LSYM   0      0      00000000 220    long unsigned int:t(0,5)=r(0,5);0;4294967295;
21     LSYM   0      0      00000000 266    __int128:t(0,6)=r(0,6);0;-1;
22     LSYM   0      0      00000000 295    __int128 unsigned:t(0,7)=r(0,7);0;-1;
23     LSYM   0      0      00000000 333    long long int:t(0,8)=r(0,8);-0;4294967295;
24     LSYM   0      0      00000000 376    long long unsigned int:t(0,9)=r(0,9);0;-1;
25     LSYM   0      0      00000000 419    short int:t(0,10)=r(0,10);-32768;32767;
26     LSYM   0      0      00000000 459    short unsigned int:t(0,11)=r(0,11);0;65535;
27     LSYM   0      0      00000000 503    signed char:t(0,12)=r(0,12);-128;127;
28     LSYM   0      0      00000000 541    unsigned char:t(0,13)=r(0,13);0;255;
29     LSYM   0      0      00000000 578    float:t(0,14)=r(0,1);4;0;
30     LSYM   0      0      00000000 604    double:t(0,15)=r(0,1);8;0;
31     LSYM   0      0      00000000 631    long double:t(0,16)=r(0,1);12;0;
32     LSYM   0      0      00000000 664    _Float32:t(0,17)=r(0,1);4;0;
33     LSYM   0      0      00000000 693    _Float64:t(0,18)=r(0,1);8;0;
34     LSYM   0      0      00000000 722    _Float128:t(0,19)=r(0,1);16;0;
35     LSYM   0      0      00000000 753    _Float32x:t(0,20)=r(0,1);8;0;
36     LSYM   0      0      00000000 783    _Float64x:t(0,21)=r(0,1);12;0;
37     LSYM   0      0      00000000 814    _Decimal32:t(0,22)=r(0,1);4;0;
38     LSYM   0      0      00000000 845    _Decimal64:t(0,23)=r(0,1);8;0;
39     LSYM   0      0      00000000 876    _Decimal128:t(0,24)=r(0,1);16;0;
40     LSYM   0      0      00000000 909    void:t(0,25)=(0,25)
41     BINCL  0      0      000159c2 929    ./inc/mmu.h
42     BINCL  0      0      000060d4 941    ./inc/types.h
43     LSYM   0      0      00000000 955    bool:t(2,1)=(2,2)=eFalse:0,True:1,;
44     LSYM   0      0      00000000 991     :T(2,3)=efalse:0,true:1,;
45     LSYM   0      0      00000000 1018   int8_t:t(2,4)=(0,12)
46     LSYM   0      0      00000000 1039   uint8_t:t(2,5)=(0,13)
47     LSYM   0      0      00000000 1061   int16_t:t(2,6)=(0,10)
48     LSYM   0      0      00000000 1083   uint16_t:t(2,7)=(0,11)
49     LSYM   0      0      00000000 1106   int32_t:t(2,8)=(0,1)
50     LSYM   0      0      00000000 1127   uint32_t:t(2,9)=(0,4)
51     LSYM   0      0      00000000 1149   int64_t:t(2,10)=(0,8)
52     LSYM   0      0      00000000 1171   uint64_t:t(2,11)=(0,9)
53     LSYM   0      0      00000000 1194   intptr_t:t(2,12)=(2,8)
54     LSYM   0      0      00000000 1217   uintptr_t:t(2,13)=(2,9)
55     LSYM   0      0      00000000 1241   physaddr_t:t(2,14)=(2,9)
56     LSYM   0      0      00000000 1266   ppn_t:t(2,15)=(2,9)
57     LSYM   0      0      00000000 1286   size_t:t(2,16)=(2,9)
58     LSYM   0      0      00000000 1307   ssize_t:t(2,17)=(2,8)
59     LSYM   0      0      00000000 1329   off_t:t(2,18)=(2,8)
60     EINCL  0      0      00000000 0      
61     LSYM   0      0      00000000 1349   Segdesc:T(1,1)=s8sd_lim_15_0:(0,4),0,16;sd_base_15_0:(0,4),16,16;sd_base_23_16:(0,4),32,8;sd_type:(0,4),40,4;sd_s:(0,4),44,1;sd_dpl:(0,4),45,2;sd_p:(0,4),47,1;sd_lim_19_16:(0,4),48,4;sd_avl:(0,4),52,1;sd_rsv1:(0,4),53,1;sd_db:(0,4),54,1;sd_g:(0,4),55,1;sd_base_31_24:(0,4),56,8;;
62     LSYM   0      0      00000000 1629   Taskstate:T(1,2)=s104ts_link:(2,9),0,32;ts_esp0:(2,13),32,32;ts_ss0:(2,7),64,16;ts_padding1:(2,7),80,16;ts_esp1:(2,13),96,32;ts_ss1:(2,7),128,16;ts_padding2:(2,7),144,16;ts_esp2:(2,13),160,32;ts_ss2:(2,7),192,16;ts_padding3:(2,7),208,16;ts_cr3:(2,14),224,32;ts_eip:(2,13),256,32;ts_eflags:(2,9),288,32;ts_eax:(2,9),320,32;ts_ecx:(2,9),352,32;ts_edx:(2,9),384,32;ts_ebx:(2,9),416,32;ts_esp:(2,13),448,32;ts_ebp:(2,13),480,32;ts_esi:(2,9),512,32;ts_edi:(2,9),544,32;ts_es:(2,7),576,16;ts_padding4:(2,7),592,16;ts_cs:(2,7),608,16;ts_padding5:(2,7),624,16;ts_ss:(2,7),640,16;ts_padding6:(2,7),656,16;ts_ds:(2,7),672,16;ts_padding7:(2,7),688,16;ts_fs:(2,7),704,16;ts_padding8:(2,7),720,16;ts_gs:(2,7),736,16;ts_padding9:(2,7),752,16;ts_ldt:(2,7),768,16;ts_padding10:(2,7),784,16;ts_t:(2,7),800,16;ts_iomb:(2,7),816,16;;
63     LSYM   0      0      00000000 2444   Gatedesc:T(1,3)=s8gd_off_15_0:(0,4),0,16;gd_sel:(0,4),16,16;gd_args:(0,4),32,5;gd_rsv1:(0,4),37,3;gd_type:(0,4),40,4;gd_s:(0,4),44,1;gd_dpl:(0,4),45,2;gd_p:(0,4),47,1;gd_off_31_16:(0,4),48,16;;
64     LSYM   0      0      00000000 2638   Pseudodesc:T(1,4)=s6pd_lim:(2,7),0,16;pd_base:(2,9),16,32;;
65     EINCL  0      0      00000000 0      
66     BINCL  0      0      000008c7 2698   ./inc/memlayout.h
67     LSYM   0      0      00000000 2716   pte_t:t(3,1)=(2,9)
68     LSYM   0      0      00000000 2735   pde_t:t(3,2)=(2,9)
69     EINCL  0      0      00000000 0      
70     GSYM   0      0      00000000 2754   entry_pgdir:G(0,26)=ar(0,27)=r(0,27);0;4294967295;;0;1023;(3,2)
71     GSYM   0      0      00000000 2818   entry_pgtable:G(0,28)=ar(0,27);0;1023;(3,1)
72     SO     0      0      f0100040 0      
73     SO     0      2      f0100040 2862   kern/init.c
74     OPT    0      0      00000000 49     gcc2_compiled.
75     LSYM   0      0      00000000 64     int:t(0,1)=r(0,1);-2147483648;2147483647;
76     LSYM   0      0      00000000 106    char:t(0,2)=r(0,2);0;127;
77     LSYM   0      0      00000000 132    long int:t(0,3)=r(0,3);-2147483648;2147483647;
78     LSYM   0      0      00000000 179    unsigned int:t(0,4)=r(0,4);0;4294967295;
79     LSYM   0      0      00000000 220    long unsigned int:t(0,5)=r(0,5);0;4294967295;
80     LSYM   0      0      00000000 266    __int128:t(0,6)=r(0,6);0;-1;
81     LSYM   0      0      00000000 295    __int128 unsigned:t(0,7)=r(0,7);0;-1;
82     LSYM   0      0      00000000 333    long long int:t(0,8)=r(0,8);-0;4294967295;
83     LSYM   0      0      00000000 376    long long unsigned int:t(0,9)=r(0,9);0;-1;
84     LSYM   0      0      00000000 419    short int:t(0,10)=r(0,10);-32768;32767;
85     LSYM   0      0      00000000 459    short unsigned int:t(0,11)=r(0,11);0;65535;
86     LSYM   0      0      00000000 503    signed char:t(0,12)=r(0,12);-128;127;
87     LSYM   0      0      00000000 541    unsigned char:t(0,13)=r(0,13);0;255;
88     LSYM   0      0      00000000 578    float:t(0,14)=r(0,1);4;0;
89     LSYM   0      0      00000000 604    double:t(0,15)=r(0,1);8;0;
90     LSYM   0      0      00000000 631    long double:t(0,16)=r(0,1);12;0;
91     LSYM   0      0      00000000 664    _Float32:t(0,17)=r(0,1);4;0;
92     LSYM   0      0      00000000 693    _Float64:t(0,18)=r(0,1);8;0;
93     LSYM   0      0      00000000 722    _Float128:t(0,19)=r(0,1);16;0;
94     LSYM   0      0      00000000 753    _Float32x:t(0,20)=r(0,1);8;0;
95     LSYM   0      0      00000000 783    _Float64x:t(0,21)=r(0,1);12;0;
96     LSYM   0      0      00000000 814    _Decimal32:t(0,22)=r(0,1);4;0;
97     LSYM   0      0      00000000 845    _Decimal64:t(0,23)=r(0,1);8;0;
98     LSYM   0      0      00000000 876    _Decimal128:t(0,24)=r(0,1);16;0;
99     LSYM   0      0      00000000 909    void:t(0,25)=(0,25)
100    BINCL  0      0      00000000 2874   ./inc/stdio.h
101    BINCL  0      0      00000650 2888   ./inc/stdarg.h
102    LSYM   0      0      00000000 2903   va_list:t(2,1)=(2,2)=*(0,2)
103    EINCL  0      0      00000000 0      
104    EINCL  0      0      00000000 0      
105    BINCL  0      0      00000000 2931   ./inc/string.h
106    EXCL   0      0      000060d4 941    ./inc/types.h
107    EINCL  0      0      00000000 0      
108    FUN    0      0      f0100040 2946   test_backtrace:F(0,25)
109    PSYM   0      0      00000008 2969   x:p(0,1)
110    SLINE  0      13     00000000 0      
111    SLINE  0      14     00000013 0      
112    SLINE  0      15     00000023 0      
113    SLINE  0      18     0000002a 0      
114    SLINE  0      19     0000003b 0      
115    SLINE  0      20     0000004b 0      
116    SLINE  0      16     00000055 0      
117    RSYM   0      0      00000006 2978   x:r(0,1)
118    FUN    0      0      f01000a6 2987   i386_init:F(0,25)
119    SLINE  0      24     00000000 0      
120    SLINE  0      30     00000012 0      
121    SLINE  0      34     00000029 0      
122    SLINE  0      36     0000002e 0      
123    SLINE  0      39     00000042 0      
124    SLINE  0      43     00000051 0      
125    FUN    0      0      f0100106 3005   _panic:F(0,25)
126    PSYM   0      0      00000008 3020   file:p(0,26)=*(0,2)
127    PSYM   0      0      0000000c 3040   line:p(0,1)
128    PSYM   0      0      00000010 3052   fmt:p(0,26)
129    SLINE  0      59     00000000 0      
130    SLINE  0      62     00000017 0      
131    SLINE  0      78     00000022 0      
132    SLINE  0      64     00000031 0      
133    SLINE  0      67     00000033 0      
134    SLINE  0      69     00000035 0      
135    SLINE  0      70     00000038 0      
136    SLINE  0      71     0000004d 0      
137    SLINE  0      72     00000057 0      
138    RSYM   0      0      00000007 3064   fmt:r(0,26)
139    FUN    0      0      f0100170 3076   _warn:F(0,25)
140    PSYM   0      0      00000008 3090   file:p(0,26)
141    PSYM   0      0      0000000c 3040   line:p(0,1)
142    PSYM   0      0      00000010 3052   fmt:p(0,26)
143    SLINE  0      84     00000000 0      
144    SLINE  0      87     00000010 0      
145    SLINE  0      88     00000013 0      
146    SLINE  0      89     00000028 0      
147    SLINE  0      90     00000034 0      
148    SLINE  0      92     00000042 0      
149    GSYM   0      0      00000000 3103   panicstr:G(0,26)
150    SO     0      0      f01001bc 0      
151    SO     0      2      f01001c0 3120   kern/console.c
152    OPT    0      0      00000000 49     gcc2_compiled.
153    LSYM   0      0      00000000 64     int:t(0,1)=r(0,1);-2147483648;2147483647;
154    LSYM   0      0      00000000 106    char:t(0,2)=r(0,2);0;127;
155    LSYM   0      0      00000000 132    long int:t(0,3)=r(0,3);-2147483648;2147483647;
156    LSYM   0      0      00000000 179    unsigned int:t(0,4)=r(0,4);0;4294967295;
157    LSYM   0      0      00000000 220    long unsigned int:t(0,5)=r(0,5);0;4294967295;
158    LSYM   0      0      00000000 266    __int128:t(0,6)=r(0,6);0;-1;
159    LSYM   0      0      00000000 295    __int128 unsigned:t(0,7)=r(0,7);0;-1;
160    LSYM   0      0      00000000 333    long long int:t(0,8)=r(0,8);-0;4294967295;
161    LSYM   0      0      00000000 376    long long unsigned int:t(0,9)=r(0,9);0;-1;
162    LSYM   0      0      00000000 419    short int:t(0,10)=r(0,10);-32768;32767;
163    LSYM   0      0      00000000 459    short unsigned int:t(0,11)=r(0,11);0;65535;
164    LSYM   0      0      00000000 503    signed char:t(0,12)=r(0,12);-128;127;
165    LSYM   0      0      00000000 541    unsigned char:t(0,13)=r(0,13);0;255;
166    LSYM   0      0      00000000 578    float:t(0,14)=r(0,1);4;0;
167    LSYM   0      0      00000000 604    double:t(0,15)=r(0,1);8;0;
168    LSYM   0      0      00000000 631    long double:t(0,16)=r(0,1);12;0;
169    LSYM   0      0      00000000 664    _Float32:t(0,17)=r(0,1);4;0;
170    LSYM   0      0      00000000 693    _Float64:t(0,18)=r(0,1);8;0;
171    LSYM   0      0      00000000 722    _Float128:t(0,19)=r(0,1);16;0;
172    LSYM   0      0      00000000 753    _Float32x:t(0,20)=r(0,1);8;0;
173    LSYM   0      0      00000000 783    _Float64x:t(0,21)=r(0,1);12;0;
174    LSYM   0      0      00000000 814    _Decimal32:t(0,22)=r(0,1);4;0;
175    LSYM   0      0      00000000 845    _Decimal64:t(0,23)=r(0,1);8;0;
176    LSYM   0      0      00000000 876    _Decimal128:t(0,24)=r(0,1);16;0;
177    LSYM   0      0      00000000 909    void:t(0,25)=(0,25)
178    BINCL  0      0      00000000 3135   ./inc/x86.h
179    EXCL   0      0      000060d4 941    ./inc/types.h
180    EINCL  0      0      00000000 0      
181    EXCL   0      0      000008c7 2698   ./inc/memlayout.h
182    EXCL   0      0      000159c2 929    ./inc/mmu.h
183    BINCL  0      0      00000000 3147   ./inc/assert.h
184    EXCL   0      0      00000000 2874   ./inc/stdio.h
185    EXCL   0      0      00000650 2888   ./inc/stdarg.h
186    EINCL  0      0      00000000 0      
187    FUN    0      0      f01001c0 3162   serial_proc_data:f(0,1)
188    SLINE  0      52     00000000 0      
189    SOL    0      0      f01001c3 3135   ./inc/x86.h
190    SLINE  0      16     00000003 0      
191    SOL    0      0      f01001c9 3120   kern/console.c
192    SLINE  0      53     00000009 0      
193    SOL    0      0      f01001cd 3135   ./inc/x86.h
194    SLINE  0      16     0000000d 0      
195    SOL    0      0      f01001d3 3120   kern/console.c
196    SLINE  0      55     00000013 0      
197    SLINE  0      56     00000016 0      
198    SLINE  0      54     00000018 0      
199    FUN    0      0      f01001df 3186   cons_intr:f(0,25)
200    RSYM   0      0      00000006 3204   proc:P(0,26)=*(0,27)=f(0,1)
201    SLINE  0      397    00000000 0      
202    SLINE  0      400    00000012 0      
203    SLINE  0      401    00000019 0      
204    SLINE  0      403    0000001d 0      
205    SLINE  0      404    00000033 0      
206    SLINE  0      405    0000003b 0      
207    SLINE  0      407    00000047 0      
208    RSYM   0      0      00000000 3232   c:r(0,1)
209    LBRAC  0      0      00000000 0      
210    RBRAC  0      0      0000004b 0      
211    FUN    0      0      f010022a 3241   kbd_proc_data:f(0,1)
212    SLINE  0      317    00000000 0      
213    SOL    0      0      f010023a 3135   ./inc/x86.h
214    SLINE  0      16     00000010 0      
215    SOL    0      0      f0100240 3120   kern/console.c
216    SLINE  0      323    00000016 0      
217    SLINE  0      326    0000001e 0      
218    SOL    0      0      f0100250 3135   ./inc/x86.h
219    SLINE  0      16     00000026 0      
220    SOL    0      0      f0100258 3120   kern/console.c
221    SLINE  0      331    0000002e 0      
222    SLINE  0      335    00000036 0      
223    SLINE  0      340    0000003e 0      
224    SLINE  0      342    00000049 0      
225    SLINE  0      343    0000004e 0      
226    SLINE  0      346    00000057 0      
227    SLINE  0      347    00000068 0      
228    SLINE  0      349    00000078 0      
229    SLINE  0      350    0000008b 0      
230    SLINE  0      351    0000008f 0      
231    SLINE  0      352    00000099 0      
232    SLINE  0      359    0000009c 0      
233    SLINE  0      360    000000aa 0      
234    SOL    0      0      f01002e3 3135   ./inc/x86.h
235    SLINE  0      66     000000b9 0      
236    SOL    0      0      f01002f3 3120   kern/console.c
237    SLINE  0      333    000000c9 0      
238    SLINE  0      334    000000d0 0      
239    SLINE  0      365    000000d5 0      
240    SLINE  0      337    000000de 0      
241    SLINE  0      338    000000f1 0      
242    SLINE  0      339    0000010c 0      
243    SLINE  0      353    00000113 0      
244    SLINE  0      354    00000116 0      
245    SLINE  0      324    00000124 0      
246    SLINE  0      327    0000012b 0      
247    RSYM   0      0      00000006 3232   c:r(0,1)
248    RSYM   0      0      00000002 3262   data:r(2,5)
249    LCSYM  0      0      f0113060 3274   shift:V(2,9)
250    LBRAC  0      0      00000000 0      
251    RSYM   0      0      00000002 3262   data:r(2,5)
252    LBRAC  0      0      00000026 0      
253    RBRAC  0      0      0000002e 0      
254    RBRAC  0      0      00000132 0      
255    FUN    0      0      f010035c 3287   cons_putc:f(0,25)
256    RSYM   0      0      00000000 3305   c:P(0,1)
257    SLINE  0      434    00000000 0      
258    SLINE  0      70     00000017 0      
259    SOL    0      0      f0100378 3135   ./inc/x86.h
260    SLINE  0      16     0000001c 0      
261    SOL    0      0      f010038a 3120   kern/console.c
262    SLINE  0      72     0000002e 0      
263    SOL    0      0      f010038d 3135   ./inc/x86.h
264    SLINE  0      16     00000031 0      
265    SOL    0      0      f0100390 3120   kern/console.c
266    SLINE  0      71     00000034 0      
267    SLINE  0      75     00000040 0      
268    SOL    0      0      f01003a4 3135   ./inc/x86.h
269    SLINE  0      66     00000048 0      
270    SOL    0      0      f01003aa 3120   kern/console.c
271    SLINE  0      116    0000004e 0      
272    SOL    0      0      f01003af 3135   ./inc/x86.h
273    SLINE  0      16     00000053 0      
274    SOL    0      0      f01003c1 3120   kern/console.c
275    SLINE  0      116    00000065 0      
276    SOL    0      0      f01003c4 3135   ./inc/x86.h
277    SLINE  0      16     00000068 0      
278    SOL    0      0      f01003c7 3120   kern/console.c
279    SLINE  0      116    0000006b 0      
280    SOL    0      0      f01003d3 3135   ./inc/x86.h
281    SLINE  0      66     00000077 0      
282    SOL    0      0      f01003ee 3120   kern/console.c
283    SLINE  0      166    00000092 0      
284    SLINE  0      167    0000009d 0      
285    SLINE  0      169    000000aa 0      
286    SLINE  0      180    000000cd 0      
287    SLINE  0      195    000000ea 0      
288    SLINE  0      205    000000f9 0      
289    SOL    0      0      f010045b 3135   ./inc/x86.h
290    SLINE  0      66     000000ff 0      
291    SOL    0      0      f0100463 3120   kern/console.c
292    SLINE  0      206    00000107 0      
293    SOL    0      0      f0100473 3135   ./inc/x86.h
294    SLINE  0      66     00000117 0      
295    SOL    0      0      f0100483 3120   kern/console.c
296    SLINE  0      438    00000127 0      
297    SLINE  0      169    0000012f 0      
298    SLINE  0      171    00000134 0      
299    SLINE  0      172    00000140 0      
300    SLINE  0      173    0000014a 0      
301    SLINE  0      177    00000162 0      
302    SLINE  0      183    0000016f 0      
303    SLINE  0      184    00000179 0      
304    SLINE  0      185    00000183 0      
305    SLINE  0      186    0000018d 0      
306    SLINE  0      187    00000197 0      
307    SLINE  0      190    000001a6 0      
308    SLINE  0      198    000001cd 0      
309    SLINE  0      200    000001e8 0      
310    SLINE  0      199    00000205 0      
311    SLINE  0      201    00000209 0      
312    RSYM   0      0      00000006 3314   i:r(0,1)
313    LBRAC  0      0      00000017 0      
314    RBRAC  0      0      0000004e 0      
315    RSYM   0      0      00000006 3314   i:r(0,1)
316    LBRAC  0      0      0000004e 0      
317    RBRAC  0      0      00000092 0      
318    FUN    0      0      f0100572 3323   serial_intr:F(0,25)
319    SLINE  0      60     00000000 0      
320    SLINE  0      61     0000000a 0      
321    SLINE  0      60     00000015 0      
322    SLINE  0      62     0000001b 0      
323    SLINE  0      63     00000026 0      
324    FUN    0      0      f010059a 3343   kbd_intr:F(0,25)
325    SLINE  0      369    00000000 0      
326    SLINE  0      370    00000010 0      
327    SLINE  0      371    0000001b 0      
328    FUN    0      0      f01005b7 3360   cons_getc:F(0,1)
329    SLINE  0      412    00000000 0      
330    SLINE  0      418    00000012 0      
331    SLINE  0      419    00000017 0      
332    SLINE  0      422    0000001c 0      
333    SLINE  0      428    00000022 0      
334    SLINE  0      422    00000027 0      
335    SLINE  0      423    0000002f 0      
336    SLINE  0      424    00000040 0      
337    SLINE  0      429    00000048 0      
338    SLINE  0      425    0000004e 0      
339    RSYM   0      0      00000000 3232   c:r(0,1)
340    LBRAC  0      0      00000000 0      
341    RBRAC  0      0      0000005a 0      
342    FUN    0      0      f0100611 3377   cons_init:F(0,25)
343    SLINE  0      443    00000000 0      
344    SLINE  0      140    00000014 0      
345    SLINE  0      141    0000001b 0      
346    SLINE  0      142    00000024 0      
347    SLINE  0      144    00000035 0      
348    SLINE  0      143    0000003f 0      
349    SLINE  0      151    00000046 0      
350    SOL    0      0      f010065d 3135   ./inc/x86.h
351    SLINE  0      66     0000004c 0      
352    SOL    0      0      f0100665 3120   kern/console.c
353    SLINE  0      152    00000054 0      
354    SOL    0      0      f0100668 3135   ./inc/x86.h
355    SLINE  0      16     00000057 0      
356    SOL    0      0      f010066b 3120   kern/console.c
357    SLINE  0      152    0000005a 0      
358    SOL    0      0      f0100671 3135   ./inc/x86.h
359    SLINE  0      66     00000060 0      
360    SLINE  0      16     00000068 0      
361    SOL    0      0      f010067c 3120   kern/console.c
362    SLINE  0      156    0000006b 0      
363    SLINE  0      154    00000074 0      
364    SLINE  0      157    00000079 0      
365    SOL    0      0      f0100691 3135   ./inc/x86.h
366    SLINE  0      66     00000080 0      
367    SLINE  0      16     000000c7 0      
368    SOL    0      0      f01006e0 3120   kern/console.c
369    SLINE  0      99     000000cf 0      
370    SOL    0      0      f01006e9 3135   ./inc/x86.h
371    SLINE  0      16     000000d8 0      
372    SOL    0      0      f01006f5 3120   kern/console.c
373    SLINE  0      448    000000e4 0      
374    SLINE  0      450    000000e9 0      
375    SLINE  0      146    000000f1 0      
376    SLINE  0      147    000000f8 0      
377    SLINE  0      139    00000102 0      
378    SLINE  0      449    0000010e 0      
379    SLINE  0      450    00000120 0      
380    RSYM   0      0      00000002 3395   was:r(2,7)
381    LBRAC  0      0      00000014 0      
382    RBRAC  0      0      00000080 0      
383    RSYM   0      0      00000002 3395   was:r(2,7)
384    LBRAC  0      0      000000f1 0      
385    RBRAC  0      0      0000010e 0      
386    FUN    0      0      f0100733 3406   cputchar:F(0,25)
387    PSYM   0      0      00000008 3423   c:p(0,1)
388    SLINE  0      457    00000000 0      
389    SLINE  0      458    00000006 0      
390    SLINE  0      459    0000000e 0      
391    FUN    0      0      f0100743 3432   getchar:F(0,1)
392    SLINE  0      463    00000000 0      
393    SLINE  0      466    00000006 0      
394    SLINE  0      469    0000000f 0      
395    RSYM   0      0      00000000 3232   c:r(0,1)
396    LBRAC  0      0      00000000 0      
397    RBRAC  0      0      00000011 0      
398    FUN    0      0      f0100754 3447   iscons:F(0,1)
399    PSYM   0      0      00000008 3461   fdnum:p(0,1)
400    SLINE  0      473    00000000 0      
401    SLINE  0      476    00000003 0      
402    LCSYM  0      0      f0113060 3274   shift:V(2,9)
403    LCSYM  0      0      f0113080 3474   cons:S(0,28)=s520buf:(0,29)=ar(0,30)=r(0,30);0;4294967295;;0;511;(2,5),0,4096;rpos:(2,9),4096,32;wpos:(2,9),4128,32;;
404    STSYM  0      0      f0113000 3592   charcode:S(0,31)=ar(0,30);0;3;(0,32)=*(2,5)
405    STSYM  0      0      f0111000 3636   ctlmap:S(0,33)=ar(0,30);0;255;(2,5)
406    STSYM  0      0      f0111100 3672   shiftmap:S(0,33)
407    STSYM  0      0      f0111200 3689   normalmap:S(0,33)
408    STSYM  0      0      f0101ca0 3707   togglecode:S(0,33)
409    STSYM  0      0      f0101da0 3726   shiftcode:S(0,33)
410    LCSYM  0      0      f0113288 3744   crt_pos:S(2,7)
411    LCSYM  0      0      f011328c 3759   crt_buf:S(0,34)=*(2,7)
412    LCSYM  0      0      f0113290 3782   addr_6845:S(0,4)
413    LCSYM  0      0      f0113294 3799   serial_exists:S(2,1)
414    SO     0      0      f010075e 0      
415    SO     0      2      f0100762 3820   kern/monitor.c
416    OPT    0      0      00000000 49     gcc2_compiled.
417    LSYM   0      0      00000000 64     int:t(0,1)=r(0,1);-2147483648;2147483647;
418    LSYM   0      0      00000000 106    char:t(0,2)=r(0,2);0;127;
419    LSYM   0      0      00000000 132    long int:t(0,3)=r(0,3);-2147483648;2147483647;
420    LSYM   0      0      00000000 179    unsigned int:t(0,4)=r(0,4);0;4294967295;
421    LSYM   0      0      00000000 220    long unsigned int:t(0,5)=r(0,5);0;4294967295;
422    LSYM   0      0      00000000 266    __int128:t(0,6)=r(0,6);0;-1;
423    LSYM   0      0      00000000 295    __int128 unsigned:t(0,7)=r(0,7);0;-1;
424    LSYM   0      0      00000000 333    long long int:t(0,8)=r(0,8);-0;4294967295;
425    LSYM   0      0      00000000 376    long long unsigned int:t(0,9)=r(0,9);0;-1;
426    LSYM   0      0      00000000 419    short int:t(0,10)=r(0,10);-32768;32767;
427    LSYM   0      0      00000000 459    short unsigned int:t(0,11)=r(0,11);0;65535;
428    LSYM   0      0      00000000 503    signed char:t(0,12)=r(0,12);-128;127;
429    LSYM   0      0      00000000 541    unsigned char:t(0,13)=r(0,13);0;255;
430    LSYM   0      0      00000000 578    float:t(0,14)=r(0,1);4;0;
431    LSYM   0      0      00000000 604    double:t(0,15)=r(0,1);8;0;
432    LSYM   0      0      00000000 631    long double:t(0,16)=r(0,1);12;0;
433    LSYM   0      0      00000000 664    _Float32:t(0,17)=r(0,1);4;0;
434    LSYM   0      0      00000000 693    _Float64:t(0,18)=r(0,1);8;0;
435    LSYM   0      0      00000000 722    _Float128:t(0,19)=r(0,1);16;0;
436    LSYM   0      0      00000000 753    _Float32x:t(0,20)=r(0,1);8;0;
437    LSYM   0      0      00000000 783    _Float64x:t(0,21)=r(0,1);12;0;
438    LSYM   0      0      00000000 814    _Decimal32:t(0,22)=r(0,1);4;0;
439    LSYM   0      0      00000000 845    _Decimal64:t(0,23)=r(0,1);8;0;
440    LSYM   0      0      00000000 876    _Decimal128:t(0,24)=r(0,1);16;0;
441    LSYM   0      0      00000000 909    void:t(0,25)=(0,25)
442    EXCL   0      0      00000000 2874   ./inc/stdio.h
443    EXCL   0      0      00000650 2888   ./inc/stdarg.h
444    EXCL   0      0      00000000 2931   ./inc/string.h
445    EXCL   0      0      000060d4 941    ./inc/types.h
446    EXCL   0      0      000008c7 2698   ./inc/memlayout.h
447    EXCL   0      0      000159c2 929    ./inc/mmu.h
448    BINCL  0      0      0000300f 3835   ./kern/kdebug.h
449    LSYM   0      0      00000000 3851   Eipdebuginfo:T(7,1)=s24eip_file:(7,2)=*(0,2),0,32;eip_line:(0,1),32,32;eip_fn_name:(7,2),64,32;eip_fn_namelen:(0,1),96,32;eip_fn_addr:(4,13),128,32;eip_fn_narg:(0,1),160,32;;
450    EINCL  0      0      00000000 0      
451    LSYM   0      0      00000000 4026   Command:T(0,26)=s12name:(7,2),0,32;desc:(7,2),32,32;func:(0,27)=*(0,28)=f(0,1),64,32;;
452    FUN    0      0      f0100762 4113   mon_help:F(0,1)
453    PSYM   0      0      00000008 4129   argc:p(0,1)
454    PSYM   0      0      0000000c 4141   argv:p(0,29)=*(2,2)
455    PSYM   0      0      00000010 4161   tf:p(0,30)=*(0,31)=xsTrapframe:
456    SLINE  0      33     00000000 0      
457    SLINE  0      37     00000010 0      
458    SLINE  0      39     00000044 0      
459    FUN    0      0      f01007b2 4193   mon_kerninfo:F(0,1)
460    PSYM   0      0      00000008 4129   argc:p(0,1)
461    PSYM   0      0      0000000c 4213   argv:p(0,29)
462    PSYM   0      0      00000010 4226   tf:p(0,30)
463    SLINE  0      43     00000000 0      
464    SLINE  0      46     00000014 0      
465    SLINE  0      47     00000020 0      
466    SLINE  0      48     00000035 0      
467    SLINE  0      49     00000052 0      
468    SLINE  0      50     0000006f 0      
469    SLINE  0      51     0000008c 0      
470    SLINE  0      52     000000a9 0      
471    SLINE  0      53     000000ac 0      
472    SLINE  0      52     000000b4 0      
473    SLINE  0      55     000000c4 0      
474    FUN    0      0      f0100883 4237   mon_backtrace:F(0,1)
475    PSYM   0      0      00000008 4129   argc:p(0,1)
476    PSYM   0      0      0000000c 4213   argv:p(0,29)
477    PSYM   0      0      00000010 4226   tf:p(0,30)
478    SLINE  0      59     00000000 0      
479    SOL    0      0      f0100897 3135   ./inc/x86.h
480    SLINE  0      214    00000014 0      
481    SOL    0      0      f0100899 3820   kern/monitor.c
482    SLINE  0      62     00000016 0      
483    SLINE  0      63     00000018 0      
484    SLINE  0      64     0000001b 0      
485    SLINE  0      65     00000021 0      
486    SLINE  0      66     00000027 0      
487    SLINE  0      67     0000002d 0      
488    SLINE  0      68     00000033 0      
489    SLINE  0      69     00000039 0      
490    SLINE  0      70     00000045 0      
491    SLINE  0      72     00000048 0      
492    SLINE  0      73     00000051 0      
493    SLINE  0      70     0000005d 0      
494    SLINE  0      81     0000005f 0      
495    SLINE  0      82     00000061 0      
496    SLINE  0      83     00000064 0      
497    SLINE  0      84     0000006a 0      
498    SLINE  0      85     0000006d 0      
499    SLINE  0      86     00000070 0      
500    SLINE  0      87     00000076 0      
501    SLINE  0      70     0000007c 0      
502    SLINE  0      72     00000080 0      
503    SLINE  0      73     00000095 0      
504    SLINE  0      74     000000a8 0      
505    SLINE  0      90     000000ce 0      
506    LSYM   0      0      ffffffe0 4258   info:(7,1)
507    RSYM   0      0      00000006 4269   ebp:r(0,32)=*(4,9)
508    RSYM   0      0      00000007 4288   eip:r(4,9)
509    LBRAC  0      0      00000000 0      
510    RBRAC  0      0      000000db 0      
511    FUN    0      0      f010095e 4299   monitor:F(0,25)
512    PSYM   0      0      00000008 4226   tf:p(0,30)
513    SLINE  0      140    00000000 0      
514    SLINE  0      143    00000014 0      
515    SLINE  0      144    00000020 0      
516    SLINE  0      111    00000031 0      
517    SLINE  0      112    0000004d 0      
518    SLINE  0      113    00000055 0      
519    SLINE  0      117    0000005a 0      
520    SLINE  0      121    00000060 0      
521    SLINE  0      118    0000006f 0      
522    SLINE  0      148    00000083 0      
523    SLINE  0      149    00000099 0      
524    SLINE  0      108    000000a0 0      
525    SLINE  0      107    000000a7 0      
526    SLINE  0      123    000000b0 0      
527    SLINE  0      122    000000b3 0      
528    SLINE  0      111    000000ce 0      
529    SLINE  0      125    000000d9 0      
530    SLINE  0      128    000000e4 0      
531    SLINE  0      131    000000e8 0      
532    SLINE  0      134    0000011a 0      
533    SLINE  0      130    00000134 0      
534    SLINE  0      132    00000139 0      
535    SLINE  0      150    00000150 0      
536    SLINE  0      153    0000015b 0      
537    RSYM   0      0      00000006 4315   buf:r(2,2)
538    LBRAC  0      0      00000000 0      
539    LSYM   0      0      ffffffb8 4326   argv:(0,33)=ar(0,34)=r(0,34);0;4294967295;;0;15;(2,2)
540    RSYM   0      0      00000000 3314   i:r(0,1)
541    LBRAC  0      0      00000031 0      
542    RBRAC  0      0      00000083 0      
543    LSYM   0      0      ffffffb8 4380   argv:(0,33)
544    RSYM   0      0      00000000 3314   i:r(0,1)
545    LBRAC  0      0      000000a0 0      
546    RBRAC  0      0      00000150 0      
547    RBRAC  0      0      00000163 0      
548    STSYM  0      0      f0113010 4392   commands:S(0,35)=ar(0,34);0;1;(0,26)
549    SO     0      0      f0100ac1 0      
550    SO     0      2      f0100ac1 4429   kern/printf.c
551    OPT    0      0      00000000 49     gcc2_compiled.
552    LSYM   0      0      00000000 64     int:t(0,1)=r(0,1);-2147483648;2147483647;
553    LSYM   0      0      00000000 106    char:t(0,2)=r(0,2);0;127;
554    LSYM   0      0      00000000 132    long int:t(0,3)=r(0,3);-2147483648;2147483647;
555    LSYM   0      0      00000000 179    unsigned int:t(0,4)=r(0,4);0;4294967295;
556    LSYM   0      0      00000000 220    long unsigned int:t(0,5)=r(0,5);0;4294967295;
557    LSYM   0      0      00000000 266    __int128:t(0,6)=r(0,6);0;-1;
558    LSYM   0      0      00000000 295    __int128 unsigned:t(0,7)=r(0,7);0;-1;
559    LSYM   0      0      00000000 333    long long int:t(0,8)=r(0,8);-0;4294967295;
560    LSYM   0      0      00000000 376    long long unsigned int:t(0,9)=r(0,9);0;-1;
561    LSYM   0      0      00000000 419    short int:t(0,10)=r(0,10);-32768;32767;
562    LSYM   0      0      00000000 459    short unsigned int:t(0,11)=r(0,11);0;65535;
563    LSYM   0      0      00000000 503    signed char:t(0,12)=r(0,12);-128;127;
564    LSYM   0      0      00000000 541    unsigned char:t(0,13)=r(0,13);0;255;
565    LSYM   0      0      00000000 578    float:t(0,14)=r(0,1);4;0;
566    LSYM   0      0      00000000 604    double:t(0,15)=r(0,1);8;0;
567    LSYM   0      0      00000000 631    long double:t(0,16)=r(0,1);12;0;
568    LSYM   0      0      00000000 664    _Float32:t(0,17)=r(0,1);4;0;
569    LSYM   0      0      00000000 693    _Float64:t(0,18)=r(0,1);8;0;
570    LSYM   0      0      00000000 722    _Float128:t(0,19)=r(0,1);16;0;
571    LSYM   0      0      00000000 753    _Float32x:t(0,20)=r(0,1);8;0;
572    LSYM   0      0      00000000 783    _Float64x:t(0,21)=r(0,1);12;0;
573    LSYM   0      0      00000000 814    _Decimal32:t(0,22)=r(0,1);4;0;
574    LSYM   0      0      00000000 845    _Decimal64:t(0,23)=r(0,1);8;0;
575    LSYM   0      0      00000000 876    _Decimal128:t(0,24)=r(0,1);16;0;
576    LSYM   0      0      00000000 909    void:t(0,25)=(0,25)
577    EXCL   0      0      000060d4 941    ./inc/types.h
578    EXCL   0      0      00000000 2874   ./inc/stdio.h
579    EXCL   0      0      00000650 2888   ./inc/stdarg.h
580    FUN    0      0      f0100ac1 4443   putch:f(0,25)
581    PSYM   0      0      00000008 4457   ch:p(0,1)
582    PSYM   0      0      0000000c 4467   cnt:p(0,26)=*(0,1)
583    SLINE  0      11     00000000 0      
584    SLINE  0      12     00000012 0      
585    SLINE  0      14     0000001a 0      
586    FUN    0      0      f0100ae3 4486   vcprintf:F(0,1)
587    PSYM   0      0      00000008 4502   fmt:p(0,27)=*(0,2)
588    PSYM   0      0      0000000c 4521   ap:p(3,1)
589    SLINE  0      18     00000000 0      
590    SLINE  0      19     00000012 0      
591    SLINE  0      21     00000019 0      
592    SLINE  0      23     0000002f 0      
593    LSYM   0      0      fffffff4 4531   cnt:(0,1)
594    LBRAC  0      0      00000000 0      
595    RBRAC  0      0      00000037 0      
596    FUN    0      0      f0100b1a 4541   cprintf:F(0,1)
597    PSYM   0      0      00000008 4556   fmt:p(0,27)
598    SLINE  0      27     00000000 0      
599    SLINE  0      31     00000006 0      
600    SLINE  0      32     00000009 0      
601    SLINE  0      36     00000012 0      
602    RSYM   0      0      00000000 4568   cnt:r(0,1)
603    LBRAC  0      0      00000000 0      
604    RBRAC  0      0      00000014 0      
605    SO     0      0      f0100b2e 0      
606    SO     0      2      f0100b2e 4579   kern/kdebug.c
607    OPT    0      0      00000000 49     gcc2_compiled.
608    LSYM   0      0      00000000 64     int:t(0,1)=r(0,1);-2147483648;2147483647;
609    LSYM   0      0      00000000 106    char:t(0,2)=r(0,2);0;127;
610    LSYM   0      0      00000000 132    long int:t(0,3)=r(0,3);-2147483648;2147483647;
611    LSYM   0      0      00000000 179    unsigned int:t(0,4)=r(0,4);0;4294967295;
612    LSYM   0      0      00000000 220    long unsigned int:t(0,5)=r(0,5);0;4294967295;
613    LSYM   0      0      00000000 266    __int128:t(0,6)=r(0,6);0;-1;
614    LSYM   0      0      00000000 295    __int128 unsigned:t(0,7)=r(0,7);0;-1;
615    LSYM   0      0      00000000 333    long long int:t(0,8)=r(0,8);-0;4294967295;
616    LSYM   0      0      00000000 376    long long unsigned int:t(0,9)=r(0,9);0;-1;
617    LSYM   0      0      00000000 419    short int:t(0,10)=r(0,10);-32768;32767;
618    LSYM   0      0      00000000 459    short unsigned int:t(0,11)=r(0,11);0;65535;
619    LSYM   0      0      00000000 503    signed char:t(0,12)=r(0,12);-128;127;
620    LSYM   0      0      00000000 541    unsigned char:t(0,13)=r(0,13);0;255;
621    LSYM   0      0      00000000 578    float:t(0,14)=r(0,1);4;0;
622    LSYM   0      0      00000000 604    double:t(0,15)=r(0,1);8;0;
623    LSYM   0      0      00000000 631    long double:t(0,16)=r(0,1);12;0;
624    LSYM   0      0      00000000 664    _Float32:t(0,17)=r(0,1);4;0;
625    LSYM   0      0      00000000 693    _Float64:t(0,18)=r(0,1);8;0;
626    LSYM   0      0      00000000 722    _Float128:t(0,19)=r(0,1);16;0;
627    LSYM   0      0      00000000 753    _Float32x:t(0,20)=r(0,1);8;0;
628    LSYM   0      0      00000000 783    _Float64x:t(0,21)=r(0,1);12;0;
629    LSYM   0      0      00000000 814    _Decimal32:t(0,22)=r(0,1);4;0;
630    LSYM   0      0      00000000 845    _Decimal64:t(0,23)=r(0,1);8;0;
631    LSYM   0      0      00000000 876    _Decimal128:t(0,24)=r(0,1);16;0;
632    LSYM   0      0      00000000 909    void:t(0,25)=(0,25)
633    BINCL  0      0      00001ca6 4593   ./inc/stab.h
634    EXCL   0      0      000060d4 941    ./inc/types.h
635    LSYM   0      0      00000000 4606   Stab:T(1,1)=s12n_strx:(2,9),0,32;n_type:(2,5),32,8;n_other:(2,5),40,8;n_desc:(2,7),48,16;n_value:(2,13),64,32;;
636    EINCL  0      0      00000000 0      
637    EXCL   0      0      000008c7 2698   ./inc/memlayout.h
638    EXCL   0      0      000159c2 929    ./inc/mmu.h
639    EXCL   0      0      00000000 3147   ./inc/assert.h
640    EXCL   0      0      00000000 2874   ./inc/stdio.h
641    EXCL   0      0      00000650 2888   ./inc/stdarg.h
642    EXCL   0      0      0000300f 3835   ./kern/kdebug.h
643    FUN    0      0      f0100b2e 4718   stab_binsearch:f(0,25)
644    RSYM   0      0      00000000 4741   stabs:P(0,26)=*(1,1)
645    RSYM   0      0      00000002 4762   region_left:P(0,27)=*(0,1)
646    RSYM   0      0      00000001 4789   region_right:P(0,27)
647    PSYM   0      0      00000008 4810   type:p(0,1)
648    PSYM   0      0      0000000c 4822   addr:p(2,13)
649    SLINE  0      53     00000000 0      
650    SLINE  0      54     00000015 0      
651    SLINE  0      56     00000023 0      
652    SLINE  0      61     00000025 0      
653    SLINE  0      60     00000028 0      
654    SLINE  0      60     0000002c 0      
655    SLINE  0      69     00000036 0      
656    SLINE  0      70     00000045 0      
657    SLINE  0      71     0000004a 0      
658    SLINE  0      68     0000004d 0      
659    SLINE  0      56     00000054 0      
660    SLINE  0      57     00000059 0      
661    SLINE  0      60     00000073 0      
662    SLINE  0      63     00000075 0      
663    SLINE  0      64     00000078 0      
664    SLINE  0      72     0000007a 0      
665    SLINE  0      73     0000007f 0      
666    SLINE  0      68     0000008a 0      
667    SLINE  0      78     00000093 0      
668    SLINE  0      80     00000098 0      
669    SLINE  0      68     0000009e 0      
670    SLINE  0      84     000000a7 0      
671    SLINE  0      88     000000ad 0      
672    SLINE  0      89     000000b2 0      
673    SLINE  0      88     000000c1 0      
674    SLINE  0      85     000000c3 0      
675    SLINE  0      90     000000d2 0      
676    SLINE  0      88     000000d5 0      
677    SLINE  0      89     000000d9 0      
678    SLINE  0      92     000000e3 0      
679    SLINE  0      94     000000e8 0      
680    RSYM   0      0      00000007 4835   type:r(0,1)
681    RSYM   0      0      00000000 4847   m:r(0,1)
682    LBRAC  0      0      00000025 0      
683    RBRAC  0      0      00000054 0      
684    RSYM   0      0      00000000 4847   m:r(0,1)
685    LBRAC  0      0      00000059 0      
686    RBRAC  0      0      000000a7 0      
687    FUN    0      0      f0100c1e 4856   debuginfo_eip:F(0,1)
688    PSYM   0      0      00000008 4822   addr:p(2,13)
689    PSYM   0      0      0000000c 4877   info:p(0,28)=*(8,1)
690    SLINE  0      106    00000000 0      
691    SLINE  0      112    0000001a 0      
692    SLINE  0      113    00000022 0      
693    SLINE  0      114    00000029 0      
694    SLINE  0      115    0000002c 0      
695    SLINE  0      116    00000033 0      
696    SLINE  0      117    00000036 0      
697    SLINE  0      120    0000003d 0      
698    SLINE  0      131    00000049 0      
699    SLINE  0      131    0000005b 0      
700    SLINE  0      140    0000006b 0      
701    SLINE  0      141    00000072 0      
702    SLINE  0      142    0000008f 0      
703    SLINE  0      143    000000a0 0      
704    SLINE  0      148    000000ae 0      
705    SLINE  0      149    000000b1 0      
706    SLINE  0      150    000000b7 0      
707    SLINE  0      152    000000ce 0      
708    SLINE  0      155    000000e2 0      
709    SLINE  0      156    00000104 0      
710    SLINE  0      157    00000110 0      
711    SLINE  0      158    00000116 0      
712    SLINE  0      160    00000118 0      
713    SLINE  0      161    0000011b 0      
714    SLINE  0      170    00000121 0      
715    SLINE  0      182    00000134 0      
716    SLINE  0      183    00000140 0      
717    SLINE  0      183    0000014d 0      
718    SLINE  0      184    0000016d 0      
719    SLINE  0      191    00000178 0      
720    SLINE  0      198    0000018f 0      
721    SLINE  0      127    0000019f 0      
722    SLINE  0      165    000001b7 0      
723    SLINE  0      166    000001ba 0      
724    SLINE  0      167    000001c0 0      
725    SLINE  0      183    000001cb 0      
726    SLINE  0      185    000001d9 0      
727    SLINE  0      187    000001f0 0      
728    SLINE  0      188    000001ff 0      
729    SLINE  0      198    00000216 0      
730    SLINE  0      199    0000021a 0      
731    SLINE  0      200    00000222 0      
732    SLINE  0      200    00000227 0      
733    SLINE  0      208    00000241 0      
734    SLINE  0      214    00000247 0      
735    SLINE  0      208    0000024c 0      
736    SLINE  0      209    00000254 0      
737    SLINE  0      202    00000271 0      
738    SLINE  0      203    0000028d 0      
739    SLINE  0      212    0000029f 0      
740    SLINE  0      209    000002a3 0      
741    SLINE  0      210    000002a7 0      
742    SLINE  0      214    000002b5 0      
743    SLINE  0      132    000002bc 0      
744    SLINE  0      144    000002ca 0      
745    SLINE  0      214    000002d1 0      
746    SLINE  0      215    000002d6 0      
747    LSYM   0      0      fffffff4 4897   lfile:(0,1)
748    LSYM   0      0      fffffff0 4909   rfile:(0,1)
749    LSYM   0      0      ffffffec 4921   lfun:(0,1)
750    LSYM   0      0      ffffffe8 4932   rfun:(0,1)
751    LSYM   0      0      ffffffe4 4943   lline:(0,1)
752    LSYM   0      0      ffffffe0 4955   rline:(0,1)
753    LSYM   0      0      ffffffdc 4967   olline:(0,1)
754    LSYM   0      0      ffffffd8 4980   orline:(0,1)
755    RSYM   0      0      00000007 4993   addr:r(2,13)
756    RSYM   0      0      00000006 5006   info:r(0,28)
757    LBRAC  0      0      00000000 0      
758    RBRAC  0      0      000002de 0      
759    SO     0      0      f0100efc 0      
760    SO     0      2      f0100efc 5019   lib/printfmt.c
761    OPT    0      0      00000000 49     gcc2_compiled.
762    LSYM   0      0      00000000 64     int:t(0,1)=r(0,1);-2147483648;2147483647;
763    LSYM   0      0      00000000 106    char:t(0,2)=r(0,2);0;127;
764    LSYM   0      0      00000000 132    long int:t(0,3)=r(0,3);-2147483648;2147483647;
765    LSYM   0      0      00000000 179    unsigned int:t(0,4)=r(0,4);0;4294967295;
766    LSYM   0      0      00000000 220    long unsigned int:t(0,5)=r(0,5);0;4294967295;
767    LSYM   0      0      00000000 266    __int128:t(0,6)=r(0,6);0;-1;
768    LSYM   0      0      00000000 295    __int128 unsigned:t(0,7)=r(0,7);0;-1;
769    LSYM   0      0      00000000 333    long long int:t(0,8)=r(0,8);-0;4294967295;
770    LSYM   0      0      00000000 376    long long unsigned int:t(0,9)=r(0,9);0;-1;
771    LSYM   0      0      00000000 419    short int:t(0,10)=r(0,10);-32768;32767;
772    LSYM   0      0      00000000 459    short unsigned int:t(0,11)=r(0,11);0;65535;
773    LSYM   0      0      00000000 503    signed char:t(0,12)=r(0,12);-128;127;
774    LSYM   0      0      00000000 541    unsigned char:t(0,13)=r(0,13);0;255;
775    LSYM   0      0      00000000 578    float:t(0,14)=r(0,1);4;0;
776    LSYM   0      0      00000000 604    double:t(0,15)=r(0,1);8;0;
777    LSYM   0      0      00000000 631    long double:t(0,16)=r(0,1);12;0;
778    LSYM   0      0      00000000 664    _Float32:t(0,17)=r(0,1);4;0;
779    LSYM   0      0      00000000 693    _Float64:t(0,18)=r(0,1);8;0;
780    LSYM   0      0      00000000 722    _Float128:t(0,19)=r(0,1);16;0;
781    LSYM   0      0      00000000 753    _Float32x:t(0,20)=r(0,1);8;0;
782    LSYM   0      0      00000000 783    _Float64x:t(0,21)=r(0,1);12;0;
783    LSYM   0      0      00000000 814    _Decimal32:t(0,22)=r(0,1);4;0;
784    LSYM   0      0      00000000 845    _Decimal64:t(0,23)=r(0,1);8;0;
785    LSYM   0      0      00000000 876    _Decimal128:t(0,24)=r(0,1);16;0;
786    LSYM   0      0      00000000 909    void:t(0,25)=(0,25)
787    EXCL   0      0      000060d4 941    ./inc/types.h
788    EXCL   0      0      00000000 2874   ./inc/stdio.h
789    EXCL   0      0      00000650 2888   ./inc/stdarg.h
790    BINCL  0      0      00001a2c 5034   ./inc/error.h
791    LSYM   0      0      00000000 5048    :T(4,1)=eE_UNSPECIFIED:1,E_BAD_ENV:2,E_INVAL:3,E_NO_MEM:4,E_NO_FREE_ENV:5,E_FAULT:6,MAXERROR:7,;
792    EINCL  0      0      00000000 0      
793    LSYM   0      0      00000000 5146   sprintbuf:T(0,26)=s12buf:(3,2),0,32;ebuf:(3,2),32,32;cnt:(0,1),64,32;;
794    FUN    0      0      f0100efc 5217   printnum:f(0,25)
795    RSYM   0      0      00000007 5234   putch:P(0,27)=*(0,28)=f(0,25)
796    RSYM   0      0      00000006 5264   putdat:P(0,29)=*(0,25)
797    PSYM   0      0      00000008 5287   num:p(0,9)
798    PSYM   0      0      00000010 5298   base:p(0,4)
799    PSYM   0      0      00000014 5310   width:p(0,1)
800    PSYM   0      0      00000018 5323   padc:p(0,1)
801    SLINE  0      38     00000000 0      
802    SLINE  0      40     00000027 0      
803    SLINE  0      41     00000042 0      
804    SLINE  0      45     0000007c 0      
805    SLINE  0      44     00000088 0      
806    SLINE  0      49     0000008f 0      
807    SLINE  0      50     000000ba 0      
808    FUN    0      0      f0100fc6 5335   sprintputch:f(0,25)
809    PSYM   0      0      00000008 4457   ch:p(0,1)
810    PSYM   0      0      0000000c 5355   b:p(0,30)=*(0,26)
811    SLINE  0      266    00000000 0      
812    SLINE  0      267    00000006 0      
813    SLINE  0      268    0000000a 0      
814    SLINE  0      269    00000011 0      
815    SLINE  0      270    0000001b 0      
816    RSYM   0      0      00000000 5373   ch:r(0,1)
817    RSYM   0      0      00000000 5383   b:r(0,30)
818    FUN    0      0      f0100fe3 5393   printfmt:F(0,25)
819    PSYM   0      0      00000008 5410   putch:p(0,27)
820    PSYM   0      0      0000000c 5424   putdat:p(0,29)
821    PSYM   0      0      00000010 5439   fmt:p(0,31)=*(0,2)
822    SLINE  0      250    00000000 0      
823    SLINE  0      253    00000006 0      
824    SLINE  0      254    00000009 0      
825    SLINE  0      256    00000018 0      
826    FUN    0      0      f0101000 5458   vprintfmt:F(0,25)
827    PSYM   0      0      00000008 5410   putch:p(0,27)
828    PSYM   0      0      0000000c 5424   putdat:p(0,29)
829    PSYM   0      0      00000010 5476   fmt:p(0,31)
830    PSYM   0      0      00000014 4521   ap:p(3,1)
831    SLINE  0      84     00000000 0      
832    SLINE  0      99     0000001f 0      
833    SLINE  0      103    00000023 0      
834    SLINE  0      101    0000002a 0      
835    SLINE  0      100    00000031 0      
836    SLINE  0      102    00000038 0      
837    SLINE  0      105    00000040 0      
838    SLINE  0      109    00000065 0      
839    SLINE  0      105    0000006b 0      
840    SLINE  0      114    0000006e 0      
841    SLINE  0      105    00000074 0      
842    SLINE  0      127    0000007a 0      
843    SLINE  0      128    0000007f 0      
844    SLINE  0      129    00000086 0      
845    SLINE  0      130    00000089 0      
846    SLINE  0      127    00000091 0      
847    SLINE  0      128    00000094 0      
848    SLINE  0      136    00000096 0      
849    SLINE  0      105    000000a7 0      
850    SLINE  0      149    000000aa 0      
851    SLINE  0      150    000000b0 0      
852    SLINE  0      105    000000cf 0      
853    SLINE  0      145    000000da 0      
854    SLINE  0      146    000000e1 0      
855    SLINE  0      155    000000eb 0      
856    SLINE  0      105    000000ef 0      
857    SLINE  0      156    000000f2 0      
858    SLINE  0      160    000000f7 0      
859    SLINE  0      161    00000106 0      
860    SLINE  0      160    00000109 0      
861    SLINE  0      161    0000010c 0      
862    SLINE  0      165    00000111 0      
863    SLINE  0      168    0000011e 0      
864    SLINE  0      168    00000123 0      
865    SLINE  0      171    0000012e 0      
866    SLINE  0      165    00000142 0      
867    SLINE  0      169    0000014a 0      
868    SLINE  0      165    0000015e 0      
869    SLINE  0      169    00000161 0      
870    SLINE  0      176    00000166 0      
871    SLINE  0      177    00000174 0      
872    SLINE  0      178    0000017f 0      
873    SLINE  0      179    00000197 0      
874    SLINE  0      180    000001ae 0      
875    SLINE  0      179    000001ba 0      
876    SLINE  0      180    000001bc 0      
877    SLINE  0      179    000001c6 0      
878    SLINE  0      179    000001cc 0      
879    SLINE  0      182    000001ed 0      
880    SLINE  0      185    000001f3 0      
881    SLINE  0      181    00000200 0      
882    SLINE  0      181    00000204 0      
883    SLINE  0      181    00000212 0      
884    SLINE  0      181    00000216 0      
885    SLINE  0      182    00000223 0      
886    SLINE  0      183    0000022e 0      
887    SLINE  0      187    00000246 0      
888    SLINE  0      186    0000024f 0      
889    SLINE  0      186    00000255 0      
890    SLINE  0      176    00000259 0      
891    SLINE  0      70     0000026f 0      
892    SLINE  0      71     00000274 0      
893    SLINE  0      193    0000028b 0      
894    SLINE  0      194    00000291 0      
895    SLINE  0      195    0000029a 0      
896    SLINE  0      197    000002aa 0      
897    SLINE  0      72     000002b4 0      
898    SLINE  0      75     000002b8 0      
899    SLINE  0      73     000002cf 0      
900    SLINE  0      192    000002e6 0      
901    SLINE  0      197    000002ec 0      
902    SLINE  0      57     000002f9 0      
903    SLINE  0      58     000002fe 0      
904    SLINE  0      203    0000030c 0      
905    SLINE  0      59     00000316 0      
906    SLINE  0      62     0000031a 0      
907    SLINE  0      203    0000032a 0      
908    SLINE  0      60     00000334 0      
909    SLINE  0      203    00000344 0      
910    SLINE  0      57     0000034e 0      
911    SLINE  0      58     00000353 0      
912    SLINE  0      214    00000361 0      
913    SLINE  0      59     00000368 0      
914    SLINE  0      62     0000036c 0      
915    SLINE  0      214    0000037c 0      
916    SLINE  0      60     00000383 0      
917    SLINE  0      214    00000393 0      
918    SLINE  0      218    0000039a 0      
919    SLINE  0      219    000003a3 0      
920    SLINE  0      220    000003ac 0      
921    SLINE  0      223    000003b6 0      
922    SLINE  0      221    000003b9 0      
923    SLINE  0      222    000003bf 0      
924    SLINE  0      230    000003c4 0      
925    SLINE  0      231    000003dc 0      
926    SLINE  0      165    000003df 0      
927    SLINE  0      92     000003e2 0      
928    SLINE  0      93     000003f2 0      
929    SLINE  0      95     000003fa 0      
930    SLINE  0      57     0000040a 0      
931    SLINE  0      58     0000040f 0      
932    SLINE  0      228    0000041d 0      
933    SLINE  0      59     00000424 0      
934    SLINE  0      62     00000428 0      
935    SLINE  0      228    00000438 0      
936    SLINE  0      60     0000043f 0      
937    SLINE  0      228    0000044f 0      
938    SLINE  0      235    00000459 0      
939    SLINE  0      236    00000462 0      
940    SLINE  0      240    0000046a 0      
941    SLINE  0      241    00000473 0      
942    SLINE  0      241    0000047a 0      
943    SLINE  0      241    0000047d 0      
944    SLINE  0      246    0000048b 0      
945    RSYM   0      0      00000002 5488   num:r(0,9)
946    RSYM   0      0      00000000 5499   base:r(0,1)
947    RSYM   0      0      00000001 5511   lflag:r(0,1)
948    RSYM   0      0      00000006 5524   putdat:r(0,29)
949    RSYM   0      0      00000007 5539   fmt:r(0,31)
950    LBRAC  0      0      00000000 0      
951    RBRAC  0      0      00000493 0      
952    FUN    0      0      f0101493 5551   vsnprintf:F(0,1)
953    PSYM   0      0      00000008 5568   buf:p(3,2)
954    PSYM   0      0      0000000c 5579   n:p(0,1)
955    PSYM   0      0      00000010 5476   fmt:p(0,31)
956    PSYM   0      0      00000014 4521   ap:p(3,1)
957    SLINE  0      274    00000000 0      
958    SLINE  0      275    00000018 0      
959    SLINE  0      277    00000029 0      
960    SLINE  0      281    00000031 0      
961    SLINE  0      284    00000047 0      
962    SLINE  0      286    0000004d 0      
963    SLINE  0      287    00000053 0      
964    SLINE  0      278    00000058 0      
965    LSYM   0      0      ffffffec 5588   b:(0,26)
966    RSYM   0      0      00000000 5597   buf:r(3,2)
967    RSYM   0      0      00000002 5608   n:r(0,1)
968    LBRAC  0      0      00000000 0      
969    RBRAC  0      0      0000005f 0      
970    FUN    0      0      f01014f2 5617   snprintf:F(0,1)
971    PSYM   0      0      00000008 5568   buf:p(3,2)
972    PSYM   0      0      0000000c 5579   n:p(0,1)
973    PSYM   0      0      00000010 5476   fmt:p(0,31)
974    SLINE  0      291    00000000 0      
975    SLINE  0      295    00000006 0      
976    SLINE  0      296    00000009 0      
977    SLINE  0      300    00000018 0      
978    RSYM   0      0      00000000 5633   rc:r(0,1)
979    LBRAC  0      0      00000000 0      
980    RBRAC  0      0      0000001a 0      
981    STSYM  0      0      f0113028 5643   error_string:S(0,32)=ar(0,33)=r(0,33);0;4294967295;;0;6;(0,31)
982    SO     0      0      f010150c 0      
983    SO     0      2      f0101510 5706   lib/readline.c
984    OPT    0      0      00000000 49     gcc2_compiled.
985    LSYM   0      0      00000000 64     int:t(0,1)=r(0,1);-2147483648;2147483647;
986    LSYM   0      0      00000000 106    char:t(0,2)=r(0,2);0;127;
987    LSYM   0      0      00000000 132    long int:t(0,3)=r(0,3);-2147483648;2147483647;
988    LSYM   0      0      00000000 179    unsigned int:t(0,4)=r(0,4);0;4294967295;
989    LSYM   0      0      00000000 220    long unsigned int:t(0,5)=r(0,5);0;4294967295;
990    LSYM   0      0      00000000 266    __int128:t(0,6)=r(0,6);0;-1;
991    LSYM   0      0      00000000 295    __int128 unsigned:t(0,7)=r(0,7);0;-1;
992    LSYM   0      0      00000000 333    long long int:t(0,8)=r(0,8);-0;4294967295;
993    LSYM   0      0      00000000 376    long long unsigned int:t(0,9)=r(0,9);0;-1;
994    LSYM   0      0      00000000 419    short int:t(0,10)=r(0,10);-32768;32767;
995    LSYM   0      0      00000000 459    short unsigned int:t(0,11)=r(0,11);0;65535;
996    LSYM   0      0      00000000 503    signed char:t(0,12)=r(0,12);-128;127;
997    LSYM   0      0      00000000 541    unsigned char:t(0,13)=r(0,13);0;255;
998    LSYM   0      0      00000000 578    float:t(0,14)=r(0,1);4;0;
999    LSYM   0      0      00000000 604    double:t(0,15)=r(0,1);8;0;
1000   LSYM   0      0      00000000 631    long double:t(0,16)=r(0,1);12;0;
1001   LSYM   0      0      00000000 664    _Float32:t(0,17)=r(0,1);4;0;
1002   LSYM   0      0      00000000 693    _Float64:t(0,18)=r(0,1);8;0;
1003   LSYM   0      0      00000000 722    _Float128:t(0,19)=r(0,1);16;0;
1004   LSYM   0      0      00000000 753    _Float32x:t(0,20)=r(0,1);8;0;
1005   LSYM   0      0      00000000 783    _Float64x:t(0,21)=r(0,1);12;0;
1006   LSYM   0      0      00000000 814    _Decimal32:t(0,22)=r(0,1);4;0;
1007   LSYM   0      0      00000000 845    _Decimal64:t(0,23)=r(0,1);8;0;
1008   LSYM   0      0      00000000 876    _Decimal128:t(0,24)=r(0,1);16;0;
1009   LSYM   0      0      00000000 909    void:t(0,25)=(0,25)
1010   EXCL   0      0      00000000 2874   ./inc/stdio.h
1011   EXCL   0      0      00000650 2888   ./inc/stdarg.h
1012   EXCL   0      0      00001a2c 5034   ./inc/error.h
1013   FUN    0      0      f0101510 5721   readline:F(2,2)
1014   PSYM   0      0      00000008 5737   prompt:p(0,26)=*(0,2)
1015   SLINE  0      9      00000000 0      
1016   SLINE  0      12     00000017 0      
1017   SLINE  0      13     0000001b 0      
1018   SLINE  0      16     0000002e 0      
1019   SLINE  0      15     0000003e 0      
1020   SLINE  0      20     00000045 0      
1021   SLINE  0      21     00000055 0      
1022   SLINE  0      37     0000005d 0      
1023   SLINE  0      23     00000065 0      
1024   SLINE  0      25     0000006b 0      
1025   SLINE  0      24     00000070 0      
1026   SLINE  0      29     0000007f 0      
1027   SLINE  0      18     0000008b 0      
1028   SLINE  0      19     00000092 0      
1029   SLINE  0      22     00000096 0      
1030   SLINE  0      26     000000aa 0      
1031   SLINE  0      27     000000b7 0      
1032   SLINE  0      28     000000bd 0      
1033   SLINE  0      30     000000cb 0      
1034   SLINE  0      31     000000d5 0      
1035   SLINE  0      33     000000db 0      
1036   SLINE  0      34     000000e3 0      
1037   SLINE  0      32     000000ee 0      
1038   RSYM   0      0      00000006 3232   c:r(0,1)
1039   RSYM   0      0      00000000 5759   prompt:r(0,26)
1040   LBRAC  0      0      00000000 0      
1041   RBRAC  0      0      000000fd 0      
1042   LCSYM  0      0      f01132a0 5774   buf:S(0,27)=ar(0,28)=r(0,28);0;4294967295;;0;1023;(0,2)
1043   SO     0      0      f010160d 0      
1044   SO     0      2      f010160d 5830   lib/string.c
1045   OPT    0      0      00000000 49     gcc2_compiled.
1046   LSYM   0      0      00000000 64     int:t(0,1)=r(0,1);-2147483648;2147483647;
1047   LSYM   0      0      00000000 106    char:t(0,2)=r(0,2);0;127;
1048   LSYM   0      0      00000000 132    long int:t(0,3)=r(0,3);-2147483648;2147483647;
1049   LSYM   0      0      00000000 179    unsigned int:t(0,4)=r(0,4);0;4294967295;
1050   LSYM   0      0      00000000 220    long unsigned int:t(0,5)=r(0,5);0;4294967295;
1051   LSYM   0      0      00000000 266    __int128:t(0,6)=r(0,6);0;-1;
1052   LSYM   0      0      00000000 295    __int128 unsigned:t(0,7)=r(0,7);0;-1;
1053   LSYM   0      0      00000000 333    long long int:t(0,8)=r(0,8);-0;4294967295;
1054   LSYM   0      0      00000000 376    long long unsigned int:t(0,9)=r(0,9);0;-1;
1055   LSYM   0      0      00000000 419    short int:t(0,10)=r(0,10);-32768;32767;
1056   LSYM   0      0      00000000 459    short unsigned int:t(0,11)=r(0,11);0;65535;
1057   LSYM   0      0      00000000 503    signed char:t(0,12)=r(0,12);-128;127;
1058   LSYM   0      0      00000000 541    unsigned char:t(0,13)=r(0,13);0;255;
1059   LSYM   0      0      00000000 578    float:t(0,14)=r(0,1);4;0;
1060   LSYM   0      0      00000000 604    double:t(0,15)=r(0,1);8;0;
1061   LSYM   0      0      00000000 631    long double:t(0,16)=r(0,1);12;0;
1062   LSYM   0      0      00000000 664    _Float32:t(0,17)=r(0,1);4;0;
1063   LSYM   0      0      00000000 693    _Float64:t(0,18)=r(0,1);8;0;
1064   LSYM   0      0      00000000 722    _Float128:t(0,19)=r(0,1);16;0;
1065   LSYM   0      0      00000000 753    _Float32x:t(0,20)=r(0,1);8;0;
1066   LSYM   0      0      00000000 783    _Float64x:t(0,21)=r(0,1);12;0;
1067   LSYM   0      0      00000000 814    _Decimal32:t(0,22)=r(0,1);4;0;
1068   LSYM   0      0      00000000 845    _Decimal64:t(0,23)=r(0,1);8;0;
1069   LSYM   0      0      00000000 876    _Decimal128:t(0,24)=r(0,1);16;0;
1070   LSYM   0      0      00000000 909    void:t(0,25)=(0,25)
1071   EXCL   0      0      00000000 2931   ./inc/string.h
1072   EXCL   0      0      000060d4 941    ./inc/types.h
1073   FUN    0      0      f010160d 5843   strlen:F(0,1)
1074   PSYM   0      0      00000008 5857   s:p(0,26)=*(0,2)
1075   SLINE  0      13     00000000 0      
1076   SLINE  0      16     00000006 0      
1077   SLINE  0      17     0000000d 0      
1078   SLINE  0      16     00000010 0      
1079   SLINE  0      19     00000016 0      
1080   RSYM   0      0      00000000 5608   n:r(0,1)
1081   RSYM   0      0      00000002 5874   s:r(0,26)
1082   LBRAC  0      0      00000000 0      
1083   RBRAC  0      0      00000018 0      
1084   FUN    0      0      f0101625 5884   strnlen:F(0,1)
1085   PSYM   0      0      00000008 5899   s:p(0,26)
1086   PSYM   0      0      0000000c 5909   size:p(2,16)
1087   SLINE  0      23     00000000 0      
1088   SLINE  0      26     00000009 0      
1089   SLINE  0      27     00000010 0      
1090   SLINE  0      26     00000013 0      
1091   SLINE  0      26     00000017 0      
1092   SLINE  0      29     0000001d 0      
1093   RSYM   0      0      00000000 5608   n:r(0,1)
1094   RSYM   0      0      00000001 5874   s:r(0,26)
1095   LBRAC  0      0      00000000 0      
1096   RBRAC  0      0      0000001f 0      
1097   FUN    0      0      f0101644 5922   strcpy:F(0,27)=*(0,2)
1098   PSYM   0      0      00000008 5944   dst:p(0,27)
1099   PSYM   0      0      0000000c 5956   src:p(0,26)
1100   SLINE  0      33     00000000 0      
1101   SLINE  0      37     0000000a 0      
1102   SLINE  0      37     0000000c 0      
1103   SLINE  0      40     0000001d 0      
1104   RSYM   0      0      00000000 5968   dst:r(0,27)
1105   RSYM   0      0      00000001 5980   src:r(0,26)
1106   FUN    0      0      f0101664 5992   strcat:F(0,27)
1107   PSYM   0      0      00000008 5944   dst:p(0,27)
1108   PSYM   0      0      0000000c 5956   src:p(0,26)
1109   SLINE  0      44     00000000 0      
1110   SLINE  0      45     00000007 0      
1111   SLINE  0      46     00000010 0      
1112   SLINE  0      48     0000001b 0      
1113   RSYM   0      0      00000000 6007   len:r(0,1)
1114   RSYM   0      0      00000003 5968   dst:r(0,27)
1115   LBRAC  0      0      00000000 0      
1116   RBRAC  0      0      00000022 0      
1117   FUN    0      0      f0101686 6018   strncpy:F(0,27)
1118   PSYM   0      0      00000008 5944   dst:p(0,27)
1119   PSYM   0      0      0000000c 5956   src:p(0,26)
1120   PSYM   0      0      00000010 5909   size:p(2,16)
1121   SLINE  0      51     00000000 0      
1122   SLINE  0      56     00000010 0      
1123   SLINE  0      57     00000014 0      
1124   SLINE  0      60     0000001d 0      
1125   SLINE  0      56     00000023 0      
1126   SLINE  0      63     00000027 0      
1127   RSYM   0      0      00000006 5968   dst:r(0,27)
1128   RSYM   0      0      00000001 5980   src:r(0,26)
1129   FUN    0      0      f01016b3 6034   strlcpy:F(2,16)
1130   PSYM   0      0      00000008 5944   dst:p(0,27)
1131   PSYM   0      0      0000000c 5956   src:p(0,26)
1132   PSYM   0      0      00000010 5909   size:p(2,16)
1133   SLINE  0      67     00000000 0      
1134   SLINE  0      71     00000014 0      
1135   SLINE  0      73     0000001a 0      
1136   SLINE  0      72     00000023 0      
1137   SLINE  0      72     00000027 0      
1138   SLINE  0      74     0000002e 0      
1139   SLINE  0      76     00000031 0      
1140   SLINE  0      77     00000033 0      
1141   RSYM   0      0      00000006 5968   dst:r(0,27)
1142   RSYM   0      0      00000002 5980   src:r(0,26)
1143   RSYM   0      0      00000001 6050   size:r(2,16)
1144   FUN    0      0      f01016ea 6063   strcmp:F(0,1)
1145   PSYM   0      0      00000008 6077   p:p(0,26)
1146   PSYM   0      0      0000000c 6087   q:p(0,26)
1147   SLINE  0      81     00000000 0      
1148   SLINE  0      82     00000009 0      
1149   SLINE  0      83     0000000b 0      
1150   SLINE  0      82     00000011 0      
1151   SLINE  0      82     00000018 0      
1152   SLINE  0      84     0000001c 0      
1153   SLINE  0      85     00000024 0      
1154   RSYM   0      0      00000001 6097   p:r(0,26)
1155   RSYM   0      0      00000002 6107   q:r(0,26)
1156   FUN    0      0      f0101710 6117   strncmp:F(0,1)
1157   PSYM   0      0      00000008 6077   p:p(0,26)
1158   PSYM   0      0      0000000c 6087   q:p(0,26)
1159   PSYM   0      0      00000010 6132   n:p(2,16)
1160   SLINE  0      89     00000000 0      
1161   SLINE  0      90     0000000f 0      
1162   SLINE  0      91     00000011 0      
1163   SLINE  0      90     00000017 0      
1164   SLINE  0      90     0000001b 0      
1165   SLINE  0      90     00000022 0      
1166   SLINE  0      95     00000026 0      
1167   SLINE  0      96     0000002e 0      
1168   SLINE  0      93     00000031 0      
1169   RSYM   0      0      00000000 6097   p:r(0,26)
1170   RSYM   0      0      00000002 6107   q:r(0,26)
1171   FUN    0      0      f0101748 6142   strchr:F(0,27)
1172   PSYM   0      0      00000008 5899   s:p(0,26)
1173   PSYM   0      0      0000000c 3423   c:p(0,1)
1174   SLINE  0      102    00000000 0      
1175   SLINE  0      103    0000000a 0      
1176   SLINE  0      104    00000011 0      
1177   SLINE  0      103    00000015 0      
1178   SLINE  0      106    0000001a 0      
1179   SLINE  0      107    0000001f 0      
1180   RSYM   0      0      00000000 5874   s:r(0,26)
1181   RSYM   0      0      00000001 6157   c:r(0,2)
1182   FUN    0      0      f0101769 6166   strfind:F(0,27)
1183   PSYM   0      0      00000008 5899   s:p(0,26)
1184   PSYM   0      0      0000000c 3423   c:p(0,1)
1185   SLINE  0      113    00000000 0      
1186   SLINE  0      114    0000000a 0      
1187   SLINE  0      114    0000000f 0      
1188   SLINE  0      115    00000012 0      
1189   SLINE  0      118    0000001a 0      
1190   RSYM   0      0      00000000 5874   s:r(0,26)
1191   RSYM   0      0      00000001 6157   c:r(0,2)
1192   FUN    0      0      f0101785 6182   memset:F(0,28)=*(0,25)
1193   PSYM   0      0      00000008 6205   v:p(0,28)
1194   PSYM   0      0      0000000c 3423   c:p(0,1)
1195   PSYM   0      0      00000010 6132   n:p(2,16)
1196   SLINE  0      123    00000000 0      
1197   SLINE  0      126    0000000c 0      
1198   SLINE  0      128    00000010 0      
1199   SLINE  0      128    00000018 0      
1200   SLINE  0      135    0000001d 0      
1201   SLINE  0      139    00000023 0      
1202   SLINE  0      129    0000002a 0      
1203   SLINE  0      130    0000002e 0      
1204   SLINE  0      132    00000043 0      
1205   SLINE  0      131    00000046 0      
1206   RSYM   0      0      00000007 6215   v:r(0,28)
1207   RSYM   0      0      00000001 6225   n:r(2,16)
1208   FUN    0      0      f01017d2 6235   memmove:F(0,28)
1209   PSYM   0      0      00000008 6251   dst:p(0,28)
1210   PSYM   0      0      0000000c 6263   src:p(0,29)=*(0,25)
1211   PSYM   0      0      00000010 6132   n:p(2,16)
1212   SLINE  0      143    00000000 0      
1213   SLINE  0      149    0000000e 0      
1214   SLINE  0      149    00000012 0      
1215   SLINE  0      151    00000019 0      
1216   SLINE  0      152    0000001c 0      
1217   SLINE  0      157    00000028 0      
1218   SLINE  0      156    0000002e 0      
1219   SLINE  0      159    00000031 0      
1220   SLINE  0      152    00000034 0      
1221   SLINE  0      154    00000039 0      
1222   SLINE  0      153    00000042 0      
1223   SLINE  0      161    00000047 0      
1224   SLINE  0      165    00000050 0      
1225   SLINE  0      169    00000055 0      
1226   SLINE  0      161    00000059 0      
1227   SLINE  0      163    0000005e 0      
1228   SLINE  0      162    00000061 0      
1229   RSYM   0      0      00000007 6283   d:r(0,27)
1230   RSYM   0      0      00000000 6293   dst:r(0,28)
1231   RSYM   0      0      00000006 6305   src:r(0,29)
1232   RSYM   0      0      00000001 6225   n:r(2,16)
1233   LBRAC  0      0      00000000 0      
1234   RBRAC  0      0      00000068 0      
1235   FUN    0      0      f010183a 6317   memcpy:F(0,28)
1236   PSYM   0      0      00000008 6251   dst:p(0,28)
1237   PSYM   0      0      0000000c 6332   src:p(0,29)
1238   PSYM   0      0      00000010 6132   n:p(2,16)
1239   SLINE  0      210    00000000 0      
1240   SLINE  0      211    00000003 0      
1241   SLINE  0      212    00000011 0      
1242   FUN    0      0      f010184d 6344   memcmp:F(0,1)
1243   PSYM   0      0      00000008 6358   v1:p(0,29)
1244   PSYM   0      0      0000000c 6369   v2:p(0,29)
1245   PSYM   0      0      00000010 6132   n:p(2,16)
1246   SLINE  0      216    00000000 0      
1247   SLINE  0      220    00000010 0      
1248   SLINE  0      221    00000014 0      
1249   SLINE  0      223    0000001e 0      
1250   SLINE  0      222    00000026 0      
1251   SLINE  0      226    00000030 0      
1252   SLINE  0      227    00000035 0      
1253   RSYM   0      0      00000000 6380   s1:r(0,30)=*(2,5)
1254   RSYM   0      0      00000002 6398   s2:r(0,30)
1255   RSYM   0      0      00000000 6409   v1:r(0,29)
1256   RSYM   0      0      00000002 6420   v2:r(0,29)
1257   LBRAC  0      0      00000000 0      
1258   RBRAC  0      0      00000039 0      
1259   FUN    0      0      f0101886 6431   memfind:F(0,28)
1260   PSYM   0      0      00000008 6447   s:p(0,29)
1261   PSYM   0      0      0000000c 3423   c:p(0,1)
1262   PSYM   0      0      00000010 6132   n:p(2,16)
1263   SLINE  0      231    00000000 0      
1264   SLINE  0      232    00000009 0      
1265   SLINE  0      233    0000000e 0      
1266   SLINE  0      234    00000012 0      
1267   SLINE  0      233    00000016 0      
1268   SLINE  0      237    0000001b 0      
1269   RSYM   0      0      00000002 6457   ends:r(0,29)
1270   RSYM   0      0      00000000 6470   s:r(0,29)
1271   RSYM   0      0      00000001 3232   c:r(0,1)
1272   LBRAC  0      0      00000000 0      
1273   RBRAC  0      0      0000001d 0      
1274   FUN    0      0      f01018a3 6480   strtol:F(0,3)
1275   PSYM   0      0      00000008 5899   s:p(0,26)
1276   PSYM   0      0      0000000c 6494   endptr:p(0,31)=*(0,27)
1277   PSYM   0      0      00000010 6517   base:p(0,1)
1278   SLINE  0      241    00000000 0      
1279   SLINE  0      246    0000000c 0      
1280   SLINE  0      247    0000000e 0      
1281   SLINE  0      246    00000011 0      
1282   SLINE  0      250    0000001c 0      
1283   SLINE  0      242    00000020 0      
1284   SLINE  0      252    00000025 0      
1285   SLINE  0      256    00000029 0      
1286   SLINE  0      256    00000031 0      
1287   SLINE  0      258    00000036 0      
1288   SLINE  0      261    0000003a 0      
1289   SLINE  0      258    0000003f 0      
1290   SLINE  0      261    00000044 0      
1291   SLINE  0      251    0000004e 0      
1292   SLINE  0      242    00000051 0      
1293   SLINE  0      253    00000058 0      
1294   SLINE  0      256    00000062 0      
1295   SLINE  0      258    00000068 0      
1296   SLINE  0      259    0000006c 0      
1297   SLINE  0      257    00000076 0      
1298   SLINE  0      269    00000080 0      
1299   SLINE  0      270    0000008a 0      
1300   SLINE  0      275    00000090 0      
1301   SLINE  0      277    00000095 0      
1302   SLINE  0      267    0000009e 0      
1303   SLINE  0      268    000000ab 0      
1304   SLINE  0      271    000000b3 0      
1305   SLINE  0      272    000000bd 0      
1306   SLINE  0      281    000000c5 0      
1307   SLINE  0      282    000000cb 0      
1308   SLINE  0      283    000000d0 0      
1309   SLINE  0      284    000000d9 0      
1310   RSYM   0      0      00000007 6529   neg:r(0,1)
1311   RSYM   0      0      00000000 6540   val:r(0,3)
1312   RSYM   0      0      00000001 5874   s:r(0,26)
1313   RSYM   0      0      00000003 5499   base:r(0,1)
1314   LBRAC  0      0      00000000 0      
1315   RSYM   0      0      00000002 6551   dig:r(0,1)
1316   LBRAC  0      0      00000080 0      
1317   RBRAC  0      0      000000c5 0      
1318   RBRAC  0      0      000000de 0      
1319   SO     0      0      f0101981 0      

